Time	0	719	1438	2157	2876	3595	4313.9	5032.9	5751.9	6470.9	7189.9	7908.9	8627.9	9346.9	10065.9	10784.8	11503.8	12222.8	12941.8	13660.8	14379.8	15098.8	15817.8	16536.8	17255.7	17974.7	18693.7	19412.7	20131.7	20850.7	21569.7	22288.7	23007.7	23726.7	24445.7	25164.6	25883.6	26602.6	27321.6	28040.6	28759.6	29478.6	30197.6	30916.6	31635.6	32354.5	33073.5	33792.5	34511.5	35230.5	35949.5	36668.5	37387.5	38106.5	38825.4	39544.5	40263.4	40982.4	41701.4	42420.4	43139.4	43858.4	44577.4	45296.3	46015.3	46734.3	47453.3	48172.3	48891.3	49610.3	50329.3	51048.3
Temp	37.2	36.9	37.2	37.1	37.1	37.2	37.1	37.2	37.2	37.2	36.9	37.1	37.1	37	37	36.8	37.2	37.1	37.2	37.2	37.1	37.1	36.8	37	36.9	37.2	36.8	36.9	37.2	37.1	37.1	37.1	36.9	37.3	37.1	37	37.2	37	37.1	37	37.2	37.1	37	36.9	37.1	37.1	37.1	37.1	37	37.1	36.9	37.2	37.1	37.2	37.1	37.3	37	37.1	36.8	37	37.1	37.1	37	37	36.9	36.9	37.2	37	37.2	36.9	37.2	37
A1	52	56	58	58	59	59	59	59	58	59	58	60	59	61	58	60	60	60	59	59	59	60	61	60	58	59	60	59	59	59	59	60	60	59	61	60	59	58	59	60	59	60	60	59	58	57	57	59	60	59	60	57	60	58	61	59	59	59	59	59	60	61	59	59	60	58	60	60	58	60	59	59
A2	4012	3945	3889	3856	3846	3824	3819	3838	3847	3841	3853	3849	3889	3878	3906	3943	3946	4022	4092	4037	4118	4154	4212	4285	4255	4375	4418	4511	4571	4633	4726	4820	4895	4975	5049	5135	5234	5350	5364	5477	5580	5661	5700	5702	5853	5796	5921	5979	6054	6084	6113	6114	6177	6148	6230	6265	6257	6288	6289	6293	6310	6333	6314	6290	6289	6340	6277	6334	6234	6294	6317	6218
A3	4080	4005	3939	3898	3875	3872	3864	3881	3860	3884	3887	3894	3902	3911	3911	3938	3924	3945	3955	3894	3930	3937	3941	3959	3901	3948	3939	3970	3966	3938	3941	3942	3948	3937	3937	3918	3908	3938	3849	3889	3876	3861	3883	3818	3917	3822	3887	3939	3909	3943	3958	3948	4027	3963	4060	4068	4083	4109	4140	4182	4210	4263	4282	4300	4354	4383	4368	4450	4423	4509	4547	4495
A4	4026	3943	3874	3859	3834	3804	3820	3845	3825	3844	3850	3866	3880	3910	3915	3956	3976	4047	4105	4079	4176	4200	4265	4356	4341	4462	4498	4597	4671	4735	4830	4916	5006	5091	5190	5263	5341	5480	5474	5609	5668	5745	5819	5805	5941	5862	5967	6029	6073	6096	6110	6088	6199	6155	6272	6299	6326	6356	6403	6437	6478	6495	6504	6487	6534	6546	6501	6552	6479	6551	6582	6495
A5	4057	3980	3944	3883	3865	3854	3866	3865	3845	3879	3880	3877	3892	3903	3911	3919	3941	3941	3970	3886	3960	3939	3964	3987	3891	3971	3951	3979	3961	3968	3962	3963	3979	3956	3960	3955	3949	3970	3900	3956	3932	3940	3970	3905	3981	3882	3958	3995	4006	4019	4038	4015	4086	4022	4102	4092	4118	4139	4169	4177	4178	4217	4228	4236	4259	4268	4251	4322	4241	4300	4352	4266
A6	4016	3948	3895	3857	3841	3806	3812	3816	3814	3842	3841	3848	3862	3908	3916	3959	3984	4031	4074	4067	4181	4211	4278	4349	4328	4477	4558	4634	4727	4790	4898	4978	5062	5168	5248	5333	5432	5526	5556	5664	5743	5786	5828	5773	5859	5810	5902	5933	5964	6006	6037	5984	6105	6026	6144	6164	6180	6223	6217	6254	6268	6308	6294	6317	6304	6342	6301	6367	6273	6344	6356	6279
A7	4067	4001	3922	3903	3908	3870	3872	3894	3896	3916	3913	3916	3914	3932	3965	3977	3974	3994	4021	3956	4007	4018	4029	4050	3986	4043	4049	4072	4055	4052	4052	4075	4068	4082	4091	4087	4095	4131	4045	4107	4101	4116	4138	4074	4182	4108	4162	4171	4208	4226	4246	4231	4315	4265	4338	4336	4370	4377	4403	4430	4442	4446	4451	4432	4439	4465	4415	4488	4406	4452	4518	4451
A8	4034	3972	3890	3852	3830	3817	3801	3817	3820	3828	3818	3819	3827	3854	3874	3891	3923	3959	4021	3975	4073	4125	4194	4266	4221	4358	4423	4525	4575	4679	4762	4842	4960	5034	5135	5220	5310	5438	5436	5522	5635	5702	5769	5707	5849	5749	5853	5860	5906	5932	5978	5929	6045	5996	6086	6075	6111	6139	6147	6184	6221	6252	6244	6228	6232	6260	6232	6295	6196	6270	6303	6224
A9	4101	4051	3995	3951	3954	3960	3976	4005	4019	4047	4095	4089	4137	4169	4200	4233	4268	4321	4371	4335	4402	4456	4485	4574	4530	4640	4679	4757	4822	4903	5042	5166	5316	5494	5677	5901	6177	6419	6683	6972	7291	7586	7904	8150	8524	8828	9207	9654	10011	10497	10812	11255	11678	12108	12560	13015	13320	13700	13966	14181	14423	14649	14787	14905	15073	15286	15505	15505	15594	15863	15898	16013
A10	4012	3947	3893	3825	3804	3783	3787	3812	3826	3824	3853	3830	3886	3884	3904	3955	3987	4035	4104	4067	4181	4230	4298	4385	4339	4458	4515	4604	4669	4737	4820	4891	4982	5053	5145	5233	5278	5405	5407	5505	5596	5693	5776	5727	5873	5798	5923	5937	5967	6007	6034	5992	6132	6038	6112	6147	6181	6227	6255	6252	6311	6349	6322	6339	6378	6411	6370	6458	6365	6463	6497	6436
A11	4115	4037	3974	3923	3925	3926	3908	3926	3959	3980	4009	4017	4054	4068	4101	4121	4166	4182	4229	4152	4257	4283	4316	4360	4315	4418	4447	4483	4507	4551	4581	4649	4717	4776	4900	5046	5213	5428	5613	5895	6212	6512	6826	7122	7511	7811	8214	8628	8957	9386	9822	10250	10698	11151	11614	12070	12492	13011	13395	13730	14127	14475	14697	14848	15073	15347	15610	15707	15748	16062	16122	16229
A12	4021	3939	3873	3855	3832	3814	3824	3835	3821	3835	3863	3871	3871	3899	3932	3960	3996	4013	4088	4057	4150	4188	4215	4311	4284	4397	4463	4541	4606	4673	4747	4832	4872	4964	5038	5142	5202	5298	5322	5447	5515	5602	5658	5636	5738	5661	5762	5783	5835	5839	5878	5850	5940	5858	5948	5968	5978	5987	6005	6002	6014	6014	6023	5988	6008	5971	5925	5993	5896	5944	5940	5858
B1	4088	4028	3966	3916	3911	3915	3912	3962	3938	3951	3967	3981	4017	4022	4023	4065	4073	4076	4114	4068	4131	4153	4159	4197	4124	4204	4220	4244	4254	4269	4303	4299	4330	4367	4383	4381	4409	4395	4450	4559	4625	4773	4900	5117	5383	5673	6061	6419	6825	7247	7593	8001	8411	8861	9355	9826	10240	10743	11187	11655	12177	12709	13257	13686	14149	14725	15229	15595	15920	16394	16712	16967
B2	3876	3815	3768	3715	3707	3691	3687	3718	3717	3740	3742	3744	3768	3780	3794	3828	3880	3914	3977	3958	4054	4112	4165	4249	4280	4386	4443	4547	4632	4731	4840	4969	5080	5216	5347	5478	5636	5677	5881	6026	6131	6251	6315	6382	6506	6552	6705	6760	6848	6970	6970	7098	7216	7325	7525	7654	7763	7959	8073	8243	8394	8567	8770	8880	9065	9249	9392	9556	9693	9893	10035	10178
B3	3319	3262	3209	3168	3154	3142	3144	3162	3147	3152	3178	3170	3193	3211	3218	3243	3260	3266	3311	3287	3313	3354	3362	3406	3387	3460	3486	3514	3516	3558	3587	3607	3645	3682	3710	3749	3791	3799	3867	3957	3992	4051	4076	4139	4205	4257	4381	4481	4570	4690	4754	4880	5018	5127	5322	5485	5665	5873	6044	6194	6385	6533	6713	6844	7056	7251	7424	7588	7791	8050	8239	8474
B4	3871	3804	3742	3689	3683	3672	3668	3718	3717	3725	3741	3766	3797	3803	3855	3887	3956	3991	4071	4065	4161	4219	4296	4405	4419	4549	4656	4780	4887	4991	5098	5226	5349	5485	5579	5733	5859	5965	6115	6276	6402	6545	6589	6670	6785	6825	7003	7097	7197	7340	7414	7520	7680	7804	7990	8149	8282	8466	8608	8750	8966	9108	9281	9444	9600	9846	10012	10119	10232	10459	10603	10757
B5	3325	3265	3226	3182	3148	3147	3134	3149	3154	3148	3180	3180	3204	3210	3238	3258	3274	3292	3314	3296	3350	3382	3410	3446	3434	3499	3503	3532	3565	3589	3612	3664	3712	3746	3818	3862	3917	3907	3979	4074	4119	4199	4231	4324	4419	4476	4601	4713	4825	4973	5057	5202	5360	5510	5725	5879	6041	6220	6369	6505	6682	6858	7051	7182	7408	7637	7835	8058	8250	8494	8707	8873
B6	3869	3804	3733	3684	3672	3667	3661	3693	3686	3712	3736	3744	3765	3802	3853	3896	3923	3991	4039	4049	4154	4208	4302	4383	4420	4571	4698	4803	4917	5027	5139	5283	5422	5551	5732	5857	6022	6124	6323	6509	6669	6771	6876	6974	7137	7198	7357	7433	7600	7743	7788	7895	8046	8162	8333	8458	8584	8727	8888	8994	9154	9332	9498	9588	9782	9978	10060	10174	10260	10461	10573	10663
B7	3293	3224	3178	3146	3120	3126	3117	3132	3150	3169	3189	3201	3226	3245	3271	3315	3350	3375	3428	3409	3477	3537	3564	3625	3607	3683	3724	3782	3827	3903	3960	4051	4112	4199	4252	4337	4403	4429	4519	4624	4698	4804	4870	4970	5088	5218	5344	5464	5627	5781	5890	6049	6202	6349	6498	6636	6781	6931	7071	7165	7377	7520	7702	7822	7966	8201	8320	8484	8593	8825	9034	9163
B8	3861	3784	3721	3695	3663	3651	3663	3670	3676	3686	3710	3705	3743	3753	3778	3840	3863	3902	3970	3951	4065	4103	4202	4289	4300	4450	4533	4679	4793	4908	5039	5168	5276	5433	5569	5720	5891	5997	6176	6344	6471	6582	6698	6769	6891	6988	7104	7205	7326	7474	7485	7638	7741	7882	7989	8151	8241	8408	8491	8649	8794	8909	9102	9174	9335	9547	9631	9736	9852	10009	10153	10272
B9	3342	3262	3222	3169	3172	3142	3171	3199	3202	3232	3250	3279	3321	3352	3393	3449	3491	3543	3597	3601	3707	3750	3815	3932	3972	4111	4272	4455	4674	4916	5178	5454	5724	5988	6243	6476	6795	7003	7337	7621	7946	8261	8523	8877	9255	9522	9968	10330	10642	11029	11265	11566	11842	12091	12293	12576	12766	13005	13212	13440	13744	14155	14381	14560	14816	15141	15362	15424	15516	15686	15886	16020
B10	3828	3750	3717	3666	3647	3644	3659	3677	3690	3729	3769	3799	3825	3844	3892	3962	3999	4047	4124	4118	4238	4306	4391	4477	4489	4638	4733	4853	4984	5074	5201	5314	5407	5531	5665	5803	5926	6045	6187	6350	6548	6660	6736	6862	6971	7039	7220	7317	7437	7554	7628	7738	7860	8021	8198	8321	8462	8666	8785	8964	9116	9284	9451	9600	9782	10050	10175	10372	10508	10735	10920	11093
B11	3278	3226	3159	3142	3116	3118	3131	3135	3144	3168	3209	3242	3271	3257	3316	3342	3367	3428	3480	3482	3563	3615	3649	3717	3712	3819	3898	3997	4177	4352	4538	4784	5046	5336	5608	5871	6136	6405	6715	7031	7406	7724	8052	8389	8792	9129	9536	10003	10343	10816	11137	11653	12063	12441	12749	13022	13231	13572	13713	13845	14041	14269	14578	14778	15105	15462	15853	16014	16259	16548	16813	17066
B12	3826	3768	3739	3698	3682	3659	3709	3740	3747	3769	3797	3822	3849	3886	3918	4000	4032	4065	4146	4127	4277	4305	4393	4464	4471	4606	4680	4802	4915	5008	5113	5226	5353	5474	5593	5724	5840	5973	6087	6273	6444	6578	6684	6761	6893	6946	7096	7218	7344	7463	7529	7658	7821	7887	8149	8290	8436	8546	8738	8883	9096	9264	9431	9588	9780	9944	10135	10299	10421	10649	10752	10892
C1	3249	3215	3171	3137	3149	3147	3164	3179	3191	3227	3231	3244	3285	3297	3318	3350	3377	3403	3449	3415	3486	3516	3568	3615	3587	3669	3713	3765	3788	3820	3901	3996	4103	4264	4458	4714	4963	5209	5562	5903	6260	6598	6943	7367	7755	8182	8701	9085	9579	10106	10610	11153	11723	12327	12991	13635	14220	14815	15338	15670	16102	16407	16814	17066	17274	17617	17869	17908	18030	18215	18383	18493
C2	3906	3870	3798	3754	3756	3744	3739	3773	3739	3773	3777	3758	3802	3800	3782	3834	3832	3853	3879	3798	3878	3883	3901	3935	3871	3892	3925	3948	3962	3969	3979	3991	3973	3968	4010	4016	4020	3950	3975	4025	4021	4020	3989	3972	3997	3956	4016	4023	4025	4029	3983	3966	4006	3969	4045	4004	4005	4004	3990	4001	3999	3997	3972	3941	3955	3956	3870	3893	3854	3900	3866	3853
C3	3031	2976	2935	2928	2909	2917	2941	2963	2960	2955	2976	2998	2987	2981	2992	3030	3041	3062	3074	3036	3081	3100	3121	3138	3103	3133	3173	3201	3206	3212	3220	3250	3256	3264	3292	3283	3308	3267	3291	3342	3334	3339	3345	3338	3350	3349	3406	3399	3407	3423	3409	3418	3434	3419	3478	3466	3479	3456	3465	3494	3488	3488	3471	3490	3490	3492	3438	3457	3431	3466	3467	3431
C4	4086	4005	3984	3925	3917	3936	3938	3977	3976	3994	4001	4008	4045	4031	4032	4054	4085	4099	4119	4066	4113	4155	4140	4231	4127	4169	4206	4222	4196	4250	4255	4259	4293	4296	4311	4328	4326	4251	4282	4358	4350	4363	4319	4314	4318	4251	4334	4361	4388	4396	4368	4321	4361	4334	4425	4381	4395	4391	4401	4412	4427	4421	4402	4389	4379	4401	4345	4350	4321	4369	4339	4317
C5	54	56	57	58	59	60	60	59	61	59	59	61	60	60	60	62	59	60	61	60	61	61	60	60	60	61	61	61	61	60	60	60	62	59	61	61	60	59	58	61	60	60	61	58	61	58	61	60	60	62	59	58	59	62	61	62	60	62	61	61	60	61	59	61	61	61	61	59	61	60	59	58
C6	4054	3983	3903	3844	3812	3782	3786	3781	3774	3780	3771	3772	3752	3761	3753	3813	3858	3858	3910	3914	3980	4047	4091	4157	4143	4264	4358	4449	4536	4634	4716	4799	4911	5008	5108	5191	5277	5297	5398	5531	5591	5656	5700	5723	5790	5770	5867	5889	5923	5978	5931	5977	6032	6029	6151	6143	6178	6220	6247	6255	6309	6327	6367	6345	6393	6414	6353	6364	6343	6485	6424	6431
C7	4120	4025	3966	3928	3893	3895	3876	3871	3867	3864	3863	3842	3867	3866	3842	3873	3890	3885	3890	3827	3883	3907	3898	3932	3851	3909	3926	3953	3954	3959	3984	3957	3974	3975	4002	3994	3962	3945	3934	3999	4021	4019	3976	3972	4013	3999	4075	4097	4127	4146	4113	4151	4212	4203	4283	4321	4363	4377	4430	4492	4519	4569	4600	4624	4680	4738	4709	4765	4800	4871	4874	4889
C8	4037	3945	3884	3838	3785	3761	3754	3759	3731	3752	3739	3734	3743	3764	3750	3825	3838	3873	3926	3890	4003	4054	4092	4189	4152	4257	4368	4464	4549	4627	4741	4821	4908	5044	5126	5212	5294	5322	5453	5562	5630	5702	5705	5721	5759	5751	5869	5891	5918	5937	5924	5968	5981	6018	6115	6121	6138	6166	6203	6234	6237	6275	6274	6307	6336	6338	6276	6344	6312	6414	6344	6391
C9	4147	4027	3967	3905	3891	3871	3851	3842	3844	3855	3845	3850	3867	3840	3811	3875	3849	3871	3886	3829	3890	3883	3878	3909	3848	3896	3918	3913	3918	3942	3939	3949	3980	3946	3972	3967	3966	3931	3915	4005	4018	4057	4006	4012	4067	4022	4145	4182	4173	4224	4200	4248	4299	4293	4414	4417	4486	4502	4552	4595	4640	4657	4703	4701	4786	4814	4798	4832	4840	4946	4945	4966
C10	4073	3964	3883	3825	3795	3762	3762	3767	3745	3750	3750	3747	3749	3773	3754	3809	3827	3844	3901	3882	3985	4039	4073	4170	4169	4276	4394	4465	4559	4623	4735	4828	4939	5025	5134	5189	5278	5312	5411	5513	5570	5607	5563	5583	5631	5628	5718	5767	5810	5839	5757	5825	5871	5867	5967	5949	5983	6019	6004	6081	6083	6093	6108	6110	6153	6150	6124	6189	6130	6208	6206	6214
C11	4068	3990	3899	3848	3815	3824	3818	3848	3841	3846	3854	3866	3881	3880	3870	3919	3917	3910	3955	3899	3955	3974	4002	4008	3955	3995	4042	4061	4078	4073	4073	4075	4101	4110	4144	4146	4154	4106	4140	4237	4230	4257	4254	4249	4305	4289	4392	4430	4418	4493	4470	4481	4562	4569	4664	4655	4710	4755	4737	4834	4869	4879	4905	4908	4931	4979	4918	4971	4967	5066	5037	5063
C12	4023	3957	3880	3808	3784	3786	3780	3799	3785	3797	3803	3800	3797	3800	3793	3868	3900	3900	3955	3942	4045	4080	4122	4224	4192	4295	4408	4472	4565	4631	4733	4813	4903	5010	5101	5181	5288	5289	5404	5534	5605	5640	5676	5685	5732	5713	5800	5810	5867	5891	5855	5902	5924	5951	6036	6012	6055	6078	6079	6143	6138	6208	6204	6195	6222	6241	6209	6241	6221	6299	6313	6246
D1	4114	4021	3973	3951	3946	3940	3954	3967	3983	4043	4064	4068	4105	4172	4141	4189	4264	4296	4303	4316	4401	4425	4484	4499	4512	4593	4694	4750	4819	4937	5049	5174	5403	5602	5822	6095	6335	6532	6874	7205	7497	7797	8061	8349	8755	9071	9460	9842	10286	10737	11038	11562	12011	12432	13005	13415	13739	14179	14460	14820	15150	15428	15628	15862	16082	16371	16573	16766	16868	17210	17331	17456
D2	4013	3922	3881	3821	3802	3768	3762	3771	3745	3766	3741	3752	3757	3773	3761	3803	3847	3884	3896	3901	4010	4057	4120	4145	4177	4264	4401	4476	4560	4646	4757	4785	4919	5012	5096	5184	5280	5267	5402	5555	5606	5634	5633	5655	5720	5734	5801	5869	5899	5954	5921	5938	5979	5990	6073	6095	6109	6168	6207	6186	6295	6287	6296	6327	6348	6395	6356	6395	6385	6496	6473	6454
D3	4116	4021	3959	3898	3884	3881	3873	3898	3880	3900	3918	3919	3936	3960	3949	3965	4040	4042	4058	4052	4112	4150	4192	4192	4185	4248	4317	4345	4373	4397	4460	4482	4656	4767	4939	5137	5388	5567	5862	6212	6555	6846	7154	7459	7788	8076	8456	8895	9204	9663	10011	10468	10917	11370	11867	12369	12763	13372	13820	14294	14679	15069	15467	15791	16023	16465	16761	17003	17263	17548	17833	18054
D4	4051	3943	3886	3848	3809	3779	3777	3774	3722	3723	3716	3685	3721	3703	3700	3740	3770	3807	3810	3813	3897	3952	4008	4046	4064	4172	4278	4371	4451	4538	4636	4717	4805	4926	5007	5132	5198	5216	5318	5393	5432	5485	5471	5518	5570	5570	5638	5693	5732	5762	5743	5783	5810	5842	5907	5910	5952	5990	6012	6004	6090	6101	6143	6130	6170	6185	6119	6173	6163	6229	6247	6267
D5	4110	4015	3968	3905	3903	3888	3882	3902	3894	3890	3891	3886	3910	3927	3905	3894	3950	3970	3954	3938	4007	4031	4056	4044	4037	4065	4132	4152	4183	4199	4223	4246	4288	4290	4340	4366	4425	4408	4510	4666	4834	5046	5274	5564	5884	6182	6608	7027	7368	7823	8166	8643	9022	9460	9973	10541	11047	11655	12174	12780	13338	13845	14538	14976	15674	16394	17019	17502	17942	18329	18632	19044
D6	3868	3783	3750	3715	3657	3640	3644	3662	3637	3659	3662	3667	3681	3688	3641	3705	3753	3779	3812	3817	3903	3954	3999	4065	4097	4168	4293	4396	4516	4630	4737	4850	4997	5135	5282	5400	5522	5593	5784	5927	6046	6124	6158	6234	6318	6360	6451	6576	6642	6739	6771	6865	7001	7121	7260	7381	7501	7636	7761	7866	8018	8117	8321	8371	8510	8680	8761	8912	8982	9136	9266	9334
D7	3366	3294	3222	3181	3151	3148	3151	3151	3133	3163	3162	3145	3191	3182	3164	3169	3213	3219	3202	3201	3239	3273	3299	3316	3303	3351	3413	3401	3425	3442	3481	3488	3560	3578	3624	3691	3718	3722	3767	3853	3904	3971	4004	4071	4147	4199	4302	4427	4493	4617	4705	4821	4920	5061	5224	5354	5520	5694	5790	5949	6093	6237	6369	6506	6636	6786	6924	7069	7219	7413	7597	7798
D8	3876	3790	3729	3673	3670	3660	3664	3676	3680	3698	3694	3705	3718	3726	3730	3758	3818	3848	3885	3883	3994	4066	4136	4156	4226	4345	4460	4584	4699	4822	4930	5053	5207	5380	5520	5701	5832	5903	6095	6219	6331	6464	6501	6581	6658	6687	6831	6949	7030	7135	7185	7306	7382	7482	7619	7751	7822	7978	8096	8181	8338	8476	8566	8666	8780	8933	8986	9089	9142	9285	9362	9402
D9	3316	3267	3225	3171	3142	3134	3135	3123	3124	3140	3160	3150	3174	3183	3170	3188	3224	3227	3228	3223	3278	3317	3338	3352	3355	3422	3447	3468	3492	3538	3559	3578	3638	3682	3762	3805	3858	3853	3930	4029	4074	4137	4174	4256	4372	4437	4563	4690	4798	4962	5051	5191	5314	5429	5624	5751	5856	6049	6154	6293	6402	6574	6705	6798	6983	7175	7322	7499	7650	7843	8001	8181
D10	3863	3786	3708	3662	3658	3639	3646	3667	3651	3687	3694	3686	3727	3757	3767	3790	3856	3899	3929	3950	4049	4120	4175	4251	4295	4431	4573	4638	4787	4885	5013	5124	5290	5464	5603	5770	5938	6000	6233	6418	6623	6774	6879	7020	7149	7212	7387	7502	7588	7735	7775	7863	7985	8110	8240	8365	8465	8648	8757	8822	9018	9114	9225	9333	9495	9570	9696	9729	9818	9959	10066	10085
D11	3236	3157	3134	3082	3058	3052	3058	3088	3095	3103	3146	3149	3168	3196	3199	3245	3288	3321	3336	3356	3444	3470	3517	3547	3564	3624	3695	3762	3799	3864	3954	4000	4081	4167	4254	4301	4375	4401	4473	4572	4689	4759	4823	4918	5054	5099	5273	5398	5534	5698	5796	5956	6104	6207	6375	6512	6621	6788	6893	7001	7179	7333	7478	7582	7718	7892	8030	8171	8263	8431	8587	8728
D12	3823	3763	3711	3687	3666	3666	3671	3702	3700	3732	3758	3765	3786	3798	3836	3877	3943	3974	4016	4037	4149	4220	4278	4341	4383	4518	4640	4739	4833	4938	5068	5158	5321	5462	5560	5738	5871	5916	6124	6331	6470	6591	6633	6741	6839	6869	7011	7195	7291	7439	7454	7616	7736	7866	8034	8181	8289	8492	8620	8776	8976	9163	9339	9476	9659	9874	10030	10183	10319	10568	10712	10760
E1	3294	3215	3204	3173	3160	3186	3180	3225	3250	3273	3317	3335	3384	3414	3444	3504	3575	3630	3681	3722	3814	3891	3952	4041	4125	4289	4518	4701	4900	5129	5403	5685	5974	6255	6509	6839	7103	7311	7701	7975	8354	8696	9016	9358	9764	10100	10486	10909	11211	11628	11823	12184	12456	12719	12981	13294	13441	13718	13932	14170	14443	14633	14982	15162	15386	15792	16015	16129	16203	16425	16493	16551
E2	3843	3730	3679	3633	3626	3636	3665	3658	3660	3693	3719	3727	3721	3741	3768	3818	3883	3899	3943	3992	4104	4151	4224	4278	4313	4458	4585	4708	4819	4920	5056	5202	5339	5479	5617	5762	5926	5991	6131	6318	6456	6576	6641	6754	6894	6997	7087	7284	7356	7524	7537	7714	7842	8004	8184	8302	8450	8694	8805	8946	9113	9285	9459	9550	9694	9861	9960	10076	10188	10399	10494	10622
E3	3282	3200	3143	3120	3099	3102	3075	3094	3111	3113	3142	3158	3157	3167	3196	3229	3270	3312	3336	3351	3462	3506	3527	3555	3594	3687	3815	3944	4120	4306	4538	4784	5102	5418	5680	6016	6304	6519	6885	7231	7564	7896	8211	8606	8992	9400	9815	10227	10609	11114	11513	11968	12434	12801	13075	13463	13693	14017	14237	14450	14714	14998	15290	15455	15655	15961	16163	16252	16383	16498	16522	16642
E4	3866	3753	3713	3667	3641	3609	3643	3608	3620	3644	3626	3626	3632	3637	3653	3689	3750	3783	3803	3822	3911	3966	4016	4073	4103	4245	4357	4465	4555	4678	4768	4883	5056	5188	5343	5520	5679	5811	6004	6151	6353	6530	6638	6780	6935	7021	7131	7243	7350	7468	7541	7655	7712	7841	7964	8078	8205	8359	8462	8545	8685	8823	8931	8994	9128	9226	9297	9348	9397	9514	9568	9616
E5	3224	3140	3110	3076	3048	3046	3045	3038	3049	3069	3069	3067	3084	3086	3097	3109	3161	3172	3173	3164	3242	3271	3304	3309	3321	3373	3426	3460	3488	3544	3607	3699	3829	4021	4253	4506	4795	5048	5432	5792	6156	6488	6883	7333	7774	8132	8626	9104	9601	10172	10629	11205	11724	12245	12785	13375	13877	14357	14774	15015	15380	15593	15933	16108	16353	16674	16839	16976	17036	17246	17333	17491
E6	3978	3875	3844	3812	3813	3786	3814	3798	3802	3824	3825	3823	3798	3775	3797	3815	3806	3794	3778	3764	3812	3835	3822	3811	3762	3792	3822	3839	3851	3841	3842	3845	3856	3858	3871	3860	3868	3819	3805	3866	3861	3862	3827	3828	3837	3784	3809	3872	3870	3870	3819	3818	3823	3831	3854	3825	3848	3863	3877	3862	3882	3870	3850	3855	3862	3849	3789	3807	3818	3857	3820	3797
E7	3221	3160	3121	3103	3093	3073	3091	3079	3092	3100	3135	3090	3103	3081	3099	3112	3138	3142	3108	3100	3127	3163	3169	3141	3118	3171	3186	3199	3189	3197	3216	3191	3235	3221	3236	3239	3243	3221	3240	3258	3275	3273	3244	3245	3258	3261	3283	3291	3302	3302	3298	3290	3282	3287	3323	3308	3315	3319	3329	3337	3377	3346	3341	3328	3331	3341	3294	3310	3292	3333	3307	3294
E8	4120	3980	3955	3941	3955	3958	3980	3976	4009	4021	4023	4037	4042	4029	4065	4072	4103	4096	4059	4059	4116	4148	4147	4141	4093	4163	4188	4214	4205	4229	4237	4220	4232	4271	4278	4281	4265	4247	4238	4291	4302	4314	4271	4261	4284	4226	4299	4329	4349	4350	4339	4303	4334	4330	4371	4337	4362	4369	4394	4401	4408	4404	4410	4411	4395	4399	4349	4397	4347	4411	4384	4359
E9	53	56	59	59	60	61	60	58	58	62	61	62	60	58	60	60	59	61	59	60	61	60	61	59	61	60	61	62	60	61	60	60	61	60	60	61	60	60	60	59	60	62	61	60	61	60	62	60	62	62	59	61	61	61	62	60	62	60	61	61	59	60	61	59	61	61	61	60	59	60	60	60
E10	4011	3897	3852	3801	3774	3755	3744	3716	3719	3714	3727	3704	3700	3685	3713	3750	3790	3816	3820	3841	3912	3989	4022	4068	4068	4189	4283	4367	4453	4546	4639	4709	4834	4944	5038	5118	5209	5219	5324	5440	5522	5571	5598	5638	5684	5670	5770	5832	5843	5901	5897	5888	5950	5943	6022	6037	6073	6149	6154	6148	6212	6204	6256	6249	6296	6313	6272	6315	6330	6392	6392	6378
E11	4072	3974	3944	3896	3853	3859	3864	3822	3844	3847	3825	3832	3808	3828	3794	3820	3835	3851	3832	3774	3865	3864	3846	3860	3817	3863	3899	3912	3917	3908	3925	3896	3931	3954	3958	3935	3948	3896	3922	3919	3974	3987	3948	3964	3981	3969	4027	4058	4087	4124	4102	4124	4155	4164	4224	4261	4272	4352	4395	4391	4451	4509	4541	4549	4595	4650	4632	4723	4714	4819	4829	4838
E12	4002	3898	3852	3783	3765	3780	3763	3738	3756	3777	3772	3763	3761	3802	3798	3826	3908	3927	3949	3995	4092	4160	4208	4243	4260	4342	4473	4559	4612	4713	4793	4838	4954	5063	5146	5228	5314	5345	5452	5549	5642	5703	5739	5762	5818	5814	5888	5958	6005	6009	5981	6014	6059	6068	6106	6142	6137	6231	6243	6240	6292	6318	6350	6345	6398	6428	6387	6395	6436	6520	6486	6512
F1	4110	3988	3966	3928	3887	3890	3866	3865	3861	3865	3868	3874	3850	3856	3863	3868	3920	3914	3887	3872	3927	3955	3967	3944	3898	3939	3992	3988	3975	4001	3992	3965	3991	3988	4020	4008	4016	3979	3963	4019	4028	4046	4025	4037	4053	4031	4096	4114	4182	4196	4171	4177	4214	4220	4298	4323	4365	4404	4461	4455	4497	4540	4587	4611	4630	4671	4649	4686	4685	4745	4756	4753
F2	4002	3913	3846	3816	3767	3739	3750	3718	3723	3713	3722	3702	3695	3692	3729	3736	3795	3831	3846	3865	3954	4005	4061	4095	4151	4254	4362	4465	4518	4589	4702	4739	4868	5000	5056	5162	5249	5276	5333	5428	5464	5469	5501	5522	5557	5575	5664	5728	5761	5791	5756	5805	5842	5837	5936	5945	5980	6040	6057	6059	6106	6169	6166	6155	6197	6236	6201	6212	6238	6304	6331	6309
F3	4068	3964	3900	3855	3830	3820	3820	3801	3782	3795	3797	3780	3790	3771	3789	3779	3834	3824	3794	3786	3865	3859	3876	3869	3807	3863	3911	3926	3896	3909	3930	3906	3950	3963	3980	3980	4020	3990	3996	4078	4092	4116	4118	4123	4144	4168	4225	4290	4340	4390	4384	4405	4468	4490	4546	4583	4620	4676	4716	4731	4819	4832	4838	4882	4901	4970	4935	5021	4993	5095	5104	5120
F4	4015	3931	3859	3807	3776	3758	3717	3693	3690	3689	3676	3651	3655	3647	3653	3640	3699	3724	3731	3740	3801	3848	3899	3926	3937	4032	4156	4243	4327	4384	4493	4537	4653	4755	4859	4949	5049	5065	5147	5234	5296	5353	5361	5402	5489	5477	5566	5671	5691	5708	5729	5742	5749	5758	5818	5827	5849	5879	5922	5891	5949	5974	6021	6006	6038	6066	6020	6051	6036	6127	6112	6114
F5	4141	4054	3977	3934	3913	3915	3905	3880	3930	3927	3965	3992	4014	4003	4050	4065	4132	4152	4158	4168	4234	4285	4316	4354	4353	4406	4507	4573	4689	4793	4947	5082	5364	5571	5848	6138	6439	6690	7003	7359	7677	8035	8322	8731	9141	9487	9947	10407	10796	11317	11632	12113	12499	12901	13221	13648	13952	14251	14463	14742	14963	15251	15513	15666	15941	16230	16485	16589	16749	17010	17119	17293
F6	4011	3918	3829	3775	3766	3724	3705	3674	3690	3688	3657	3677	3655	3670	3676	3719	3755	3771	3772	3828	3895	3949	3989	4024	4051	4157	4261	4323	4405	4489	4563	4651	4754	4847	4946	5058	5117	5175	5271	5348	5432	5496	5491	5524	5591	5621	5672	5766	5786	5806	5810	5822	5842	5805	5883	5862	5895	5961	5981	5946	5999	6041	6068	6058	6097	6144	6107	6110	6102	6178	6174	6181
F7	4124	4014	3939	3883	3879	3875	3853	3842	3864	3865	3873	3894	3905	3918	3917	3930	4017	4019	4030	4018	4103	4136	4164	4171	4152	4213	4302	4317	4337	4424	4472	4545	4707	4859	5060	5287	5523	5741	6076	6358	6749	7081	7383	7765	8150	8559	8977	9481	9862	10424	10788	11302	11749	12184	12638	13120	13570	14062	14409	14740	15210	15460	15903	16138	16388	16781	17008	17221	17434	17768	17969	18148
F8	3999	3914	3861	3786	3773	3738	3705	3690	3681	3678	3654	3669	3645	3647	3660	3666	3738	3754	3781	3776	3870	3918	3949	3999	4040	4132	4248	4310	4379	4468	4552	4617	4734	4833	4897	4997	5086	5106	5179	5243	5299	5354	5330	5387	5431	5440	5501	5573	5616	5639	5599	5633	5692	5698	5761	5790	5789	5854	5856	5864	5918	5957	6007	5989	6008	6034	5986	6050	6024	6091	6078	6079
F9	4095	4015	3929	3920	3897	3860	3852	3827	3841	3871	3863	3876	3861	3863	3884	3891	3929	3941	3944	3900	3979	3982	4026	4023	4003	4064	4114	4141	4147	4193	4190	4194	4261	4282	4306	4358	4402	4421	4541	4681	4872	5098	5294	5627	5984	6297	6664	7133	7505	7928	8283	8725	9144	9575	10053	10616	11125	11757	12222	12778	13363	13934	14552	15072	15618	16345	16919	17291	17692	18219	18513	18847
F10	3872	3804	3751	3697	3677	3651	3647	3634	3641	3637	3660	3665	3656	3648	3669	3681	3743	3776	3774	3793	3893	3944	4008	4044	4089	4195	4298	4381	4489	4622	4723	4836	5000	5127	5234	5374	5483	5582	5684	5846	5966	6043	6064	6134	6226	6258	6334	6475	6550	6688	6735	6832	6951	7021	7218	7327	7444	7614	7671	7842	7948	8099	8253	8329	8486	8633	8693	8825	8873	9054	9137	9250
F11	3283	3203	3177	3119	3112	3107	3091	3101	3087	3101	3123	3123	3110	3117	3129	3139	3169	3205	3207	3186	3253	3276	3287	3300	3302	3369	3425	3442	3459	3481	3486	3520	3581	3603	3661	3701	3759	3761	3841	3933	3961	4019	4029	4104	4163	4219	4298	4409	4521	4619	4657	4817	4939	5050	5234	5383	5514	5691	5863	5961	6123	6264	6406	6530	6682	6887	7016	7161	7312	7531	7729	7867
F12	3829	3756	3705	3676	3657	3652	3684	3682	3710	3754	3763	3778	3782	3828	3862	3910	3970	4014	4067	4092	4199	4283	4335	4411	4435	4578	4683	4790	4852	4978	5083	5159	5328	5415	5566	5676	5822	5894	6037	6205	6300	6451	6490	6571	6701	6764	6846	7019	7109	7230	7302	7455	7576	7739	7888	8060	8206	8414	8583	8764	8945	9106	9332	9502	9704	9905	10044	10228	10362	10574	10719	10899
G1	3313	3254	3225	3164	3152	3156	3155	3147	3169	3194	3187	3213	3211	3217	3247	3258	3302	3314	3331	3325	3409	3419	3463	3464	3454	3520	3577	3625	3629	3666	3686	3717	3773	3825	3902	3943	4014	4002	4072	4153	4232	4318	4340	4420	4512	4588	4723	4880	4995	5126	5231	5395	5596	5745	5962	6152	6364	6542	6726	6881	7084	7272	7455	7609	7824	8022	8221	8452	8620	8890	9093	9256
G2	3832	3753	3745	3685	3630	3640	3639	3613	3657	3669	3671	3690	3686	3711	3731	3755	3847	3882	3884	3918	4025	4095	4192	4236	4320	4440	4584	4700	4791	4948	5057	5186	5339	5535	5687	5832	6017	6094	6288	6437	6586	6743	6827	6989	7091	7175	7319	7437	7576	7728	7765	7897	8046	8141	8353	8451	8590	8769	8888	9022	9155	9309	9378	9488	9621	9774	9838	9967	9986	10163	10200	10329
G3	3276	3222	3187	3149	3109	3103	3109	3095	3116	3119	3116	3148	3150	3169	3187	3226	3275	3296	3311	3326	3388	3453	3480	3487	3490	3543	3626	3675	3716	3788	3867	3902	3994	4051	4137	4212	4268	4310	4397	4483	4567	4643	4688	4791	4889	4946	5137	5218	5365	5511	5590	5728	5854	5995	6134	6230	6342	6509	6580	6684	6867	7003	7105	7226	7371	7537	7636	7781	7914	8091	8199	8377
G4	3820	3742	3697	3640	3614	3616	3610	3580	3589	3590	3616	3600	3609	3584	3599	3652	3699	3708	3753	3761	3867	3902	3969	4031	4058	4210	4322	4408	4532	4644	4776	4877	5042	5192	5336	5501	5698	5792	5978	6128	6303	6424	6496	6588	6739	6805	6944	7098	7181	7283	7351	7451	7563	7700	7785	7966	8068	8178	8288	8404	8506	8684	8730	8827	8892	9045	9080	9119	9109	9285	9343	9360
G5	3252	3200	3151	3114	3105	3068	3100	3081	3105	3140	3168	3171	3190	3251	3254	3312	3377	3411	3452	3483	3571	3661	3709	3786	3898	4043	4257	4467	4682	4937	5229	5531	5845	6124	6419	6760	7057	7290	7661	8001	8359	8670	8945	9373	9728	10068	10467	10834	11116	11508	11776	12074	12286	12538	12737	13055	13277	13441	13460	13603	13801	13982	14105	14278	14399	14707	14801	14703	14724	14883	14810	14963
G6	3762	3688	3648	3597	3579	3558	3567	3561	3604	3614	3619	3613	3638	3632	3680	3695	3761	3789	3805	3831	3936	3987	4050	4091	4149	4253	4377	4472	4570	4706	4790	4910	5055	5189	5334	5471	5612	5720	5847	6017	6167	6278	6351	6505	6611	6711	6862	6973	7095	7202	7270	7381	7528	7626	7768	7910	8026	8183	8276	8383	8527	8667	8829	8913	9026	9136	9235	9315	9335	9509	9547	9610
G7	3252	3181	3151	3118	3083	3079	3078	3075	3081	3102	3126	3131	3159	3153	3192	3220	3275	3294	3326	3354	3453	3480	3508	3557	3602	3720	3883	4014	4218	4416	4666	4933	5252	5589	5862	6186	6501	6796	7174	7501	7862	8239	8559	8990	9363	9801	10211	10658	11081	11537	11920	12386	12728	13091	13379	13690	13965	14286	14443	14625	14868	15119	15301	15477	15648	15899	16044	16008	16129	16246	16328	16405
G8	3805	3718	3667	3615	3579	3594	3578	3572	3564	3570	3576	3549	3583	3571	3621	3621	3681	3711	3727	3751	3860	3904	3940	3991	4040	4179	4284	4394	4497	4572	4711	4814	4974	5073	5251	5410	5561	5704	5845	6036	6213	6367	6488	6605	6712	6782	6936	7074	7184	7275	7306	7422	7528	7610	7747	7844	7975	8112	8217	8247	8406	8500	8641	8674	8783	8900	8940	8994	8974	9152	9132	9193
G9	3198	3143	3097	3058	3029	3021	3031	3012	3043	3042	3042	3063	3063	3050	3082	3099	3137	3163	3169	3155	3237	3260	3282	3300	3311	3373	3434	3465	3487	3544	3628	3692	3852	4013	4251	4528	4811	5080	5432	5790	6140	6524	6892	7281	7711	8081	8531	8990	9398	9939	10368	10899	11392	11892	12499	13091	13629	14120	14476	14831	15178	15518	15766	15924	16161	16436	16710	16787	16857	17190	17269	17424
G10	3929	3841	3799	3753	3731	3717	3711	3701	3728	3735	3750	3744	3739	3740	3719	3736	3782	3795	3779	3779	3832	3837	3826	3820	3781	3825	3842	3861	3862	3878	3860	3840	3892	3889	3892	3892	3900	3848	3865	3895	3899	3905	3861	3854	3850	3831	3863	3910	3912	3920	3878	3866	3884	3874	3932	3896	3890	3925	3938	3927	3958	3955	3922	3904	3924	3898	3868	3899	3866	3902	3894	3864
G11	3218	3142	3105	3079	3071	3051	3062	3041	3059	3078	3080	3086	3083	3089	3068	3095	3118	3141	3113	3096	3162	3179	3192	3170	3139	3173	3208	3231	3240	3249	3253	3255	3258	3255	3280	3295	3300	3285	3278	3323	3327	3330	3306	3298	3306	3284	3300	3333	3321	3347	3328	3338	3346	3318	3378	3345	3365	3401	3387	3393	3397	3389	3388	3368	3383	3343	3330	3349	3329	3358	3343	3330
G12	4022	3921	3905	3854	3844	3867	3857	3862	3888	3894	3906	3911	3925	3925	3928	3975	3988	4017	4002	3981	4050	4072	4085	4056	4049	4095	4135	4171	4155	4185	4194	4181	4225	4222	4242	4262	4263	4210	4210	4261	4271	4253	4245	4244	4232	4211	4227	4282	4280	4257	4213	4232	4236	4200	4243	4218	4208	4251	4242	4222	4212	4227	4206	4148	4166	4140	4076	4113	4066	4100	4049	4021
H1	4022	3946	3929	3866	3886	3887	3892	3873	3919	3920	3926	3945	3954	3951	3960	3979	4023	4039	4001	4018	4070	4075	4087	4063	4067	4106	4133	4142	4138	4155	4143	4147	4184	4184	4193	4188	4188	4138	4123	4194	4191	4193	4142	4121	4149	4109	4133	4156	4155	4157	4095	4080	4089	4069	4077	4061	4063	4054	4065	4020	4045	4012	4011	4003	3984	3959	3877	3900	3857	3907	3843	3820
H2	4000	3902	3849	3814	3813	3798	3835	3815	3838	3875	3860	3857	3891	3866	3872	3900	3933	3973	3928	3925	3976	4022	4016	4007	3986	4032	4063	4091	4104	4105	4141	4114	4138	4131	4151	4158	4151	4129	4134	4180	4203	4207	4148	4144	4161	4138	4178	4215	4224	4226	4184	4175	4191	4183	4217	4204	4224	4237	4232	4228	4279	4256	4230	4223	4227	4189	4131	4137	4111	4173	4153	4095
H3	4004	3918	3871	3857	3825	3830	3828	3831	3849	3866	3864	3879	3888	3869	3888	3866	3937	3940	3932	3913	3988	3991	3992	3971	3962	3990	4043	4055	4035	4077	4087	4060	4088	4100	4133	4138	4131	4108	4105	4149	4156	4148	4128	4108	4109	4120	4141	4168	4182	4165	4158	4166	4172	4142	4176	4184	4195	4211	4206	4201	4195	4215	4197	4180	4189	4169	4116	4126	4104	4131	4104	4088
H4	4079	3986	3954	3914	3893	3871	3898	3850	3856	3881	3898	3900	3882	3890	3873	3885	3944	3968	3932	3928	3985	3986	3999	4018	3972	4012	4079	4078	4076	4104	4114	4096	4140	4140	4145	4152	4187	4152	4123	4161	4202	4216	4158	4163	4180	4166	4182	4202	4246	4223	4215	4211	4209	4208	4242	4222	4230	4270	4268	4256	4280	4284	4262	4264	4248	4248	4198	4239	4176	4238	4195	4177
H5	4178	4166	4194	4227	4264	4238	4257	4203	4245	4217	4197	4212	4160	4163	4155	4163	4179	4170	4102	4120	4163	4170	4149	4084	4020	4045	4094	4077	4080	4084	4090	4084	4100	4106	4123	4131	4130	4104	4102	4154	4159	4162	4136	4111	4140	4102	4141	4163	4195	4196	4160	4141	4150	4142	4186	4175	4172	4182	4201	4167	4190	4192	4169	4160	4158	4135	4088	4112	4087	4123	4112	4083
H6	4329	4405	4330	4307	4322	4290	4307	4290	4287	4318	4331	4315	4281	4276	4287	4291	4311	4320	4219	4241	4341	4305	4327	4316	4256	4294	4309	4290	4339	4277	4313	4303	4336	4314	4309	4322	4313	4328	4235	4293	4303	4250	4273	4227	4216	4165	4202	4244	4230	4254	4179	4245	4195	4201	4241	4227	4241	4289	4297	4260	4271	4286	4275	4250	4245	4272	4200	4223	4160	4259	4207	4173
H7	4264	4224	4325	4316	4307	4263	4288	4237	4242	4261	4223	4232	4223	4178	4164	4158	4176	4177	4102	4115	4157	4175	4154	4144	4096	4130	4166	4138	4161	4115	4120	4080	4102	4123	4122	4118	4146	4135	4092	4184	4177	4186	4144	4148	4154	4166	4149	4182	4223	4236	4191	4196	4227	4197	4243	4246	4231	4261	4248	4254	4281	4279	4270	4278	4268	4257	4226	4218	4187	4246	4208	4190
H8	4353	4388	4380	4362	4336	4304	4298	4266	4255	4291	4217	4251	4206	4163	4103	4130	4149	4154	4109	4097	4130	4141	4163	4115	4065	4100	4136	4108	4083	4068	4085	4095	4132	4132	4146	4166	4185	4135	4176	4188	4186	4200	4179	4167	4186	4171	4198	4240	4256	4284	4240	4234	4241	4219	4253	4251	4251	4271	4266	4264	4285	4280	4263	4278	4251	4251	4204	4214	4171	4221	4211	4185
H9	4291	4385	4345	4275	4309	4333	4289	4268	4338	4292	4249	4251	4235	4233	4185	4207	4214	4257	4183	4174	4206	4260	4273	4240	4178	4194	4248	4247	4230	4244	4219	4200	4256	4229	4271	4255	4243	4213	4232	4274	4261	4268	4207	4169	4168	4174	4211	4240	4248	4250	4192	4218	4238	4245	4258	4258	4273	4301	4283	4299	4288	4289	4268	4284	4229	4249	4223	4211	4181	4220	4227	4171
H10	4008	3941	3909	3873	3858	3867	3857	3835	3849	3871	3876	3881	3872	3868	3892	3907	3942	3962	3942	3931	3981	4015	4004	3993	3965	4024	4064	4060	4092	4084	4111	4068	4111	4129	4135	4143	4163	4111	4117	4159	4174	4164	4146	4116	4133	4114	4143	4187	4199	4210	4166	4160	4163	4161	4197	4179	4200	4207	4202	4183	4205	4198	4183	4204	4181	4163	4116	4139	4113	4134	4112	4085
H11	4636	4550	4457	4409	4353	4307	4295	4275	4345	4352	4334	4385	4338	4329	4371	4371	4436	4417	4387	4380	4396	4348	4279	4351	4314	4476	4370	4542	4578	4475	4361	4565	4457	4566	4634	4423	4599	4532	4523	4465	4649	4654	4613	4399	4552	4523	4552	4632	4634	4655	4618	4635	4625	4639	4676	4663	4667	4693	4685	4612	4535	4617	4643	4673	4656	4636	4607	4599	4399	4514	4536	4550
H12	4475	4400	4352	4295	4311	4307	4341	4312	4355	4376	4353	4381	4359	4387	4306	4361	4367	4441	4385	4400	4379	4360	4408	4451	4466	4446	4505	4572	4498	4573	4550	4477	4533	4602	4572	4531	4515	4456	4469	4528	4534	4535	4502	4502	4492	4584	4535	4582	4543	4535	4517	4498	4516	4497	4532	4528	4511	4592	4579	4535	4553	4583	4522	4437	4431	4408	4336	4380	4342	4432	4377	4267
